Pt,Pd,Au,Ir,Tafel slope
0.1375,0.1015,0.094,0.667,2.1403665121187005
0.3487,0.1658,0.0403,0.4453,1.5075033536094928
0.3742,0.1144,0.455,0.0564,2.7339805919781814
0.133,0.0667,0.6788,0.1215,6.250731306745692
0.1544,0.1669,0.5517,0.127,5.162049292111172
0.2328,0.1835,0.4858,0.0979,2.8615121577019296
0.0736,0.0714,0.1293,0.7257,2.4328068115241046
0.0474,0.2412,0.3196,0.3919,1.834840264109389
0.0808,0.5361,0.1358,0.2474,3.354421977213113
0.1406,0.1429,0.4636,0.2529,3.6920272834417447
0.5396,0.1063,0.3239,0.0302,3.150669970978352
0.5202,0.203,0.2568,0.0199,3.6158069042307788
0.1444,0.3373,0.3648,0.1535,1.4987473958555757
0.2173,0.0732,0.615,0.0945,4.939147208911398
0.2022,0.253,0.4393,0.1055,5.9514939306485735
0.0831,0.0973,0.4826,0.337,1.0931089067169337
0.1751,0.1289,0.5691,0.1269,nan
0.1026,0.3213,0.2827,0.2934,1.6963325456261118
0.11,0.1056,0.6252,0.1591,4.782517521599178
0.0447,0.3377,0.3148,0.3028,1.8949580796848646
0.4761,0.092,0.3936,0.0383,nan
0.0875,0.2336,0.2712,0.4077,1.3212978704622431
0.1951,0.3545,0.347,0.1035,2.8614484116680576
0.3132,0.0937,0.5264,0.0667,2.9551224551902693
0.2331,0.3578,0.3196,0.0895,3.3834018902089875
0.1396,0.3413,0.3158,0.2032,3.119992708505079
0.2529,0.1478,0.5112,0.0881,nan
0.1046,0.0912,0.5719,0.2323,2.1642445048130248
0.0767,0.0953,0.6023,0.2257,3.4166269996011924
0.0868,0.0861,0.555,0.2721,1.4176334288719934
0.0624,0.376,0.2307,0.3309,2.0087364996606154
0.0325,0.1485,0.3818,0.4372,1.6620155514523798
0.1988,0.1146,0.0741,0.6124,1.7725397202047746
0.1015,0.1495,0.5707,0.1783,4.8989706692446715
0.0874,0.0536,0.6995,0.1595,1.8102384405516019
0.2761,0.1084,0.5391,0.0763,nan
0.104,0.0704,0.0958,0.7298,2.3746724981027048
0.3259,0.1963,0.4102,0.0677,nan
0.1082,0.5551,0.0943,0.2423,3.0056143873272743
0.0342,0.2018,0.416,0.3479,1.7314910893621465
0.6525,0.1073,0.2393,0.0009,2.855555172134279
0.1721,0.1389,0.5193,0.1697,2.2718148501663595
0.1438,0.2394,0.4781,0.1387,4.413841534930485
0.1472,0.2485,0.3952,0.2091,3.1148195846699966
0.0919,0.4174,0.1613,0.3294,1.8120951418318083
0.2331,0.3578,0.3196,0.0895,3.1995864302937345
0.0312,0.2852,0.3979,0.2857,2.29430052165915
0.3729,0.0909,0.4797,0.0566,nan
0.1622,0.1254,0.596,0.1164,5.26860981600422
0.1975,0.0984,0.5921,0.1119,2.232945390900274
0.456,0.2622,0.2536,0.0282,4.028977594065413
0.4831,0.1529,0.3268,0.0373,nan
0.1015,0.1821,0.3193,0.3972,1.656570137734261
nan,nan,nan,nan,3.574328428494263
0.1146,0.0824,0.6623,0.1406,5.3861894048074355
0.0507,0.0578,0.5548,0.3367,1.1918373039290837
0.3825,0.1256,0.0314,0.4604,nan
0.0782,0.1889,0.2009,0.532,1.5573887954552077
0.1599,0.245,0.4481,0.1471,2.284640646851225
0.2973,0.1163,0.5138,0.0726,nan
0.1098,0.0749,0.626,0.1894,2.5482438878665263
0.1102,0.1487,0.3793,0.3618,2.647079085516778
0.4261,0.1038,0.4185,0.0516,2.7754046292267116
0.238,0.0902,0.5812,0.0905,4.250223844129546
0.1246,0.168,0.5033,0.204,2.0565861408904698
0.129,0.1878,0.3963,0.2869,3.083516643169902
0.0609,0.0549,0.6538,0.2304,2.7694311585602627
0.1827,0.0979,0.6123,0.1072,4.439072314970786
0.2161,0.2553,0.429,0.1026,2.5880000570824104
0.057,0.1665,0.2785,0.498,1.7358912095439671
nan,nan,nan,nan,nan
0.2963,0.1031,0.5191,0.0815,4.002814438093024
0.6076,0.1243,0.2557,0.0124,nan
0.1493,0.0806,0.6372,0.1329,2.7933160344763084
0.4087,0.1258,0.4146,0.0509,nan
0.1802,0.0875,0.5998,0.1325,4.768164988764966
0.1465,0.5444,0.0746,0.2346,2.3988440991441307
0.1079,0.2247,0.4793,0.1881,3.722552220129196
0.2717,0.3499,0.3062,0.0721,1.7869122628987655
0.1189,0.2495,0.3333,0.2983,1.6010290978385768
0.2573,0.0782,0.5824,0.0821,nan
0.267,0.3257,0.0547,0.3526,1.9176568427006813
0.2435,0.1388,0.5317,0.0859,4.883846250656323
0.1294,0.4334,0.1083,0.3288,1.8822032445351073
0.3653,0.1601,0.4174,0.0572,nan
0.3536,0.2671,0.3249,0.0544,4.499826181179051
0.1397,0.0928,0.6118,0.1556,1.5192953855186466
0.0588,0.1365,0.4358,0.3689,1.5398349799661415
0.109,0.3007,0.1574,0.4329,1.98749525701067
0.5665,0.095,0.3169,0.0216,nan
0.1295,0.1213,0.5666,0.1826,3.2105010110316647
0.2331,0.3578,0.3196,0.0895,4.458361960882064
0.1071,0.3289,0.3434,0.2206,1.3928227004686182
0.1853,0.1616,0.0819,0.5712,1.4829851797795068
0.0639,0.0957,0.1638,0.6766,2.376848309941311
0.3033,0.1987,0.4302,0.0678,4.18274926486164
0.3991,0.2076,0.3451,0.0482,4.014898173421668
0.3275,0.151,0.4458,0.0758,2.35947414551573
0.139,0.1152,0.5325,0.2133,3.317742475389996
0.0628,0.1019,0.5044,0.3309,1.710434972144991
0.1267,0.1018,0.5288,0.2426,3.4544582801014787
0.056,0.5051,0.1957,0.2432,3.9164109060752152
0.0674,0.2104,0.295,0.4272,1.5799134277321367
0.2233,0.0864,0.0585,0.6318,1.8466301236788383
0.1339,0.1461,0.111,0.609,1.7718630350749236
0.3097,0.2335,0.0468,0.4101,1.773958008331167
0.4153,0.0994,0.439,0.0463,3.689478239050028
0.116,0.1212,0.459,0.3037,1.354373947525092
0.2299,0.1456,0.5111,0.1135,4.572301909260697
0.0432,0.4529,0.268,0.2359,2.633238629872264
0.5787,0.0904,0.3089,0.0221,3.4275975978358004
0.0462,0.0917,0.3914,0.4706,2.1959972969036077
0.1515,0.0731,0.0734,0.7019,1.468121434172038
0.4335,0.1981,0.328,0.0403,nan
0.3274,0.2254,0.0686,0.4686,1.6709694066504561
0.0845,0.1323,0.1546,0.6286,1.557999003089407
0.0512,0.0723,0.4638,0.4127,1.5390453558610178
0.0811,0.141,0.5254,0.2524,2.7148170762666894
0.0715,0.271,0.2303,0.4273,1.9194227101786068
0.1772,0.3511,0.3343,0.1374,4.043151486962352
0.0971,0.124,0.504,0.2749,1.503537857728993
0.4542,0.1072,0.3981,0.0405,nan
0.0943,0.0959,0.1192,0.6906,2.7421572488114987
0.2591,0.1626,0.0641,0.5142,1.532431465256217
0.0807,0.3088,0.3047,0.3059,1.0860229260175362
0.2191,0.1881,0.4972,0.0956,4.629555799903878
0.2945,0.1966,0.4287,0.0802,4.436520102295179
0.3342,0.093,0.509,0.0637,4.145480582593852
0.1764,0.426,0.0821,0.3154,1.8948000587789176
0.2653,0.2573,0.39,0.0874,4.803203091130958
0.4437,0.1496,0.3574,0.0492,3.3608400628770116
0.1874,0.109,0.5628,0.1409,2.031864909693827
0.0795,0.07,0.6574,0.1931,3.695987776429657
0.449,0.0801,0.4301,0.0408,2.75062018389081
0.0384,0.1138,0.3177,0.53,2.302155777668415
0.1216,0.2101,0.1388,0.5296,1.500545101020986
0.0897,0.232,0.3647,0.3153,1.3476969229287996
0.305,0.0882,0.0446,0.5621,1.3993991125422003
0.2258,0.0858,0.5901,0.0984,nan
0.3194,0.3605,0.2653,0.0549,4.309750655456341
0.5273,0.1176,0.3237,0.0314,nan
0.2058,0.0902,0.5836,0.1204,3.8411653039776015
0.5015,0.1228,0.3399,0.0358,3.4709287621043186
0.1513,0.3178,0.1059,0.4251,1.7208400602738296
0.1232,0.0679,0.6599,0.149,3.2033444362749903
0.0417,0.1253,0.3351,0.4979,1.787368566216997
0.1589,0.189,0.4596,0.1924,3.093608579294454
0.0935,0.1705,0.4324,0.3036,1.255778806733612
0.0541,0.1918,0.3745,0.3796,1.516684741325112
0.2968,0.2589,0.3731,0.0712,2.400034377409738
0.1568,0.0941,0.5826,0.1665,4.371851047263733
0.0767,0.126,0.4065,0.3907,1.9268271313766552
0.3267,0.1005,0.5033,0.0695,nan
0.17,0.0678,0.6538,0.1084,2.270500334732126
0.2019,0.3251,0.0794,0.3937,1.7774254868518544
0.3362,0.1524,0.449,0.0624,3.8623088258387486
0.0711,0.1614,0.345,0.4226,1.8760670319806223
0.2084,0.1914,0.4746,0.1256,4.77446431167407
0.0743,0.2115,0.4438,0.2703,3.044810161920664
0.3943,0.2626,0.3045,0.0386,1.8390181085021449
0.2389,0.4308,0.0492,0.2811,2.1647202826097875
0.4636,0.0972,0.3994,0.0398,3.510293547255519
0.2616,0.1167,0.5259,0.0957,4.317189961154799
0.571,0.1548,0.2559,0.0183,3.1032707080577495
0.1933,0.2502,0.4159,0.1406,5.383407223393046
0.0603,0.0688,0.584,0.2869,1.706183017364923
0.1704,0.2235,0.0999,0.5062,1.7332419093953821
0.0586,0.1262,0.2125,0.6028,1.633452525903534
0.0411,0.0921,0.2475,0.6193,2.46235830622287
0.1157,0.2288,0.4342,0.2213,1.3214267308036662
